translationX,translationY,time
0,0,0
1.957,2.95246,0.1
1.89254,3.02272,0.2
1.81698,2.44324,0.3
1.83805,2.62443,0.4
1.91828,2.81766,0.5
1.85349,2.74083,0.6
1.93409,1.55346,0.7
1.76312,2.20524,0.8
1.82064,2.65563,0.9
1.82292,3.0234,1
1.72397,2.31363,1.1
1.72985,2.61235,1.2
1.84492,2.71013,1.3
1.80363,2.95456,1.4
1.60044,2.30494,1.5
1.68512,2.52284,1.6
1.75688,2.51374,1.7
1.76235,2.25523,1.8
1.6224,2.11894,1.9
1.67403,2.53085,2
1.70227,2.7008,2.1
1.71971,2.94204,2.2
1.68803,2.23072,2.3
1.64494,2.37706,2.4
1.65685,2.58413,2.5
1.70839,2.90975,2.6
1.63855,2.13233,2.7
1.67294,2.23953,2.8
1.65248,2.29736,2.9
1.68172,2.19352,3
1.59128,2.11403,3.1
1.60333,2.3459,3.2
1.59763,2.49592,3.3
1.60783,2.82286,3.4
1.4952,2.26581,3.5
1.55941,2.19244,3.6
1.55283,2.43852,3.7
1.57886,2.71744,3.8
1.59684,2.25779,3.9
1.51955,2.23702,4
1.53905,2.29174,4.1
1.59168,2.02452,4.2
1.47128,1.93698,4.3
1.45768,2.18538,4.4
1.4999,2.38053,4.5
1.56126,2.55442,4.6
1.47012,2.36726,4.7
1.47523,2.08395,4.8
1.52205,2.25945,4.9
1.52482,2.53148,5
1.49242,2.42074,5.1
1.47645,2.08519,5.2
1.49845,2.14924,5.3
1.47762,2.28839,5.4
1.59809,1.74133,5.5
1.4373,1.74335,5.6
1.43369,2.16479,5.7
1.44805,2.30211,5.8
1.3988,2.53792,5.9
1.36084,1.97108,6
1.4461,2.1524,6.1
1.47592,2.33228,6.2
1.38424,2.49448,6.3
1.39611,1.80384,6.4
1.45839,2.06282,6.5
1.41243,2.28923,6.6
1.4946,1.84701,6.7
1.37947,1.56121,6.8
1.40299,2.0992,6.9
1.36584,2.24626,7
1.39141,2.507,7.1
1.35804,1.85918,7.2
1.3366,1.93474,7.3
1.40051,2.14777,7.4
1.37805,2.5349,7.5
1.36301,1.73163,7.6
1.35839,1.95977,7.7
1.4044,2.15079,7.8
1.45517,1.96448,7.9
1.40377,1.22178,8
1.31605,1.73074,8.1
1.37102,2.03575,8.2
1.32217,2.42522,8.3
1.33645,1.79812,8.4
1.3702,1.91091,8.5
1.34974,2.01463,8.6
1.42102,2.42649,8.7
1.36251,1.71217,8.8
1.33456,1.79505,8.9
1.32336,1.98178,9
1.38844,2.32708,9.1
1.41749,1.11056,9.2
1.29013,1.19792,9.3
1.26836,1.87169,9.4
1.28294,2.18761,9.5
1.28826,1.72423,9.6
1.27308,1.76077,9.7
1.3387,1.97579,9.8
1.32205,2.25508,9.9
1.31093,1.77433,10
1.22361,1.7235,10.1
1.29015,1.88411,10.2
1.32589,2.19779,10.3
1.33398,1.70642,10.4
1.25276,1.49039,10.5
1.38407,1.14726,10.6
1.26685,1.78895,10.7
1.19435,1.85239,10.8
1.25625,1.73716,10.9
1.27215,1.96228,11
1.3071,2.19456,11.1
1.29324,1.75193,11.2
1.2468,1.65693,11.3
1.24556,1.77784,11.4
1.32449,2.09747,11.5
1.26789,1.77463,11.6
1.2222,1.56366,11.7
1.25788,1.70827,11.8
1.33841,1.38401,11.9
1.31465,1.60412,12
1.17548,1.58911,12.1
1.25993,1.70157,12.2
1.28733,2.00459,12.3
1.25879,1.87422,12.4
1.19004,1.54579,12.5
1.26383,1.75877,12.6
1.22314,1.90533,12.7
1.2374,1.88396,12.8
1.17447,1.43253,12.9
1.17184,1.64826,13
1.22714,1.74615,13.1
1.25492,1.44225,13.2
1.15494,0.897296,13.3
1.12227,1.44672,13.4
1.17687,1.84486,13.5
1.20688,1.80988,13.6
1.15166,1.48305,13.7
1.14663,1.66423,13.8
1.18102,1.86304,13.9
1.10612,1.81588,14
1.08888,1.41479,14.1
1.10277,1.61389,14.2
1.20739,1.8358,14.3
1.1589,1.74968,14.4
1.11871,1.37624,14.5
1.14707,1.13259,14.6
1.23295,1.14434,14.7
1.07877,1.77992,14.8
1.07911,1.36006,14.9
1.12222,1.52874,15
1.19197,1.77387,15.1
1.16071,1.71862,15.2
1.08656,1.3832,15.3
1.118,1.48669,15.4
1.10948,1.70862,15.5
1.11315,1.74212,15.6
1.10232,1.2795,15.7
1.08947,1.4752,15.8
1.10823,1.6576,15.9
1.12325,1.26963,16
1.06734,0.617703,16.1
1.05193,1.11151,16.2
1.08347,1.50228,16.3
1.04438,1.72784,16.4
0.979259,1.21009,16.5
1.05137,1.40495,16.6
1.12887,1.55282,16.7
1.08536,1.55745,16.8
1.00048,1.13586,16.9
1.06245,1.32206,17
1.07477,1.64844,17.1
1.00581,1.60221,17.2
1.02074,1.02851,17.3
1.10916,0.747626,17.4
1.06749,1.19939,17.5
1.00968,1.62927,17.6
0.975212,1.26561,17.7
0.969044,1.46699,17.8
1.05214,1.63911,17.9
1.0086,1.52834,18
0.96926,1.26611,18.1
1.00195,1.36965,18.2
1.05505,1.50304,18.3
1.01546,1.53234,18.4
0.978052,1.02013,18.5
0.989726,1.14836,18.6
1.05598,1.29135,18.7
1.05215,0.945679,18.8
0.935695,0.763436,18.9
0.926334,1.03037,19
0.989807,1.28699,19.1
0.939132,1.43784,19.2
0.985226,1.13428,19.3
0.959357,1.28405,19.4
1.01035,1.55306,19.5
1.00701,1.47326,19.6
0.964805,0.981546,19.7
0.962367,1.14583,19.8
0.981994,1.41497,19.9
1.01773,1.37961,20
0.925706,0.972821,20.1
0.91904,1.08996,20.2
1.00405,0.868846,20.3
1.07297,0.847375,20.4
0.998795,0.719328,20.5
1.02878,0.856505,20.6
0.96571,1.23893,20.7
0.923046,1.47456,20.8
0.881052,1.12222,20.9
0.947471,1.15856,21
0.972865,1.361,21.1
0.945499,1.35528,21.2
0.95397,0.844627,21.3
0.898414,1.08592,21.4
0.972422,1.33218,21.5
0.99529,1.3403,21.6
0.931837,0.891927,21.7
0.947493,1.05095,21.8
0.989671,0.929917,21.9
0.957088,0.851912,22
0.888429,0.697362,22.1
0.929977,0.960568,22.2
0.943421,1.26293,22.3
0.901868,1.35852,22.4
0.852346,0.803987,22.5
0.898913,1.09572,22.6
0.951018,1.18639,22.7
0.978748,1.28453,22.8
0.887242,0.764988,22.9
0.91221,1.00183,23
0.88208,0.957226,23.1
0.99113,0.743849,23.2
0.935165,0.419902,23.3
0.864742,0.688359,23.4
0.879771,0.91775,23.5
1.01746,0.908756,23.6
0.857432,0.660457,23.7
0.885305,0.871099,23.8
0.926288,1.01393,23.9
0.827534,1.34762,24
0.838459,0.814023,24.1
0.818652,0.9274,24.2
0.904619,1.06007,24.3
0.860567,1.26297,24.4
0.802833,0.774327,24.5
0.823925,0.925581,24.6
0.925645,1.03497,24.7
0.831137,1.20493,24.8
0.876477,0.609158,24.9
0.815534,0.870084,25
0.842251,1.07098,25.1
0.918518,1.0013,25.2
0.823391,0.128869,25.3
0.809405,0.50824,25.4
0.841555,0.965707,25.5
0.864699,1.15177,25.6
0.836423,0.62498,25.7
0.750815,0.679538,25.8
0.841345,0.923854,25.9
0.876212,1.21592,26
0.813908,0.598295,26.1
0.802319,0.713141,26.2
0.836197,0.798772,26.3
0.890261,0.754295,26.4
0.766844,0.0695031,26.5
0.814152,0.39103,26.6
0.814491,0.661954,26.7
0.808432,1.15795,26.8
0.746648,0.519778,26.9
0.794852,0.756472,27
0.851291,0.893562,27.1
0.872013,1.17964,27.2
0.749011,0.514633,27.3
0.775567,0.691926,27.4
0.860326,0.783129,27.5
0.8239,1.1326,27.6
0.795551,0.471563,27.7
0.796172,0.535214,27.8
0.780197,0.713866,27.9
0.825419,0.926401,28
0.819965,0.158714,28.1
0.765385,0.0901863,28.2
0.735083,0.448372,28.3
0.778639,0.688052,28.4
0.733203,0.403294,28.5
0.765259,0.516196,28.6
0.753148,0.75238,28.7
0.791778,1.13147,28.8
0.792278,0.459244,28.9
0.711208,0.570209,29
0.811199,0.678823,29.1
0.772745,0.989075,29.2
0.754491,0.338681,29.3
0.715466,0.439617,29.4
0.760536,0.56576,29.5
0.851641,0.828762,29.6
0.7769,0.259206,29.7
0.694201,0.175126,29.8
0.794212,0.507568,29.9
0.713337,0.820274,30
0.742359,0.15646,30.1
0.687286,0.1697,30.2
0.692221,0.511087,30.3
0.78996,0.871148,30.4
0.710369,0.499653,30.5
0.686586,0.340811,30.6
0.721499,0.559575,30.7
0.707884,0.847218,30.8
0.665048,0.568044,30.9
0.692584,0.267071,31
0.710011,0.513793,31.1
0.686901,0.685654,31.2
0.716084,0.598153,31.3
0.58313,0.169966,31.4
0.707645,0.330924,31.5
0.711392,0.388797,31.6
0.652151,0.478182,31.7
0.632495,-0.051831,31.8
0.59524,0.0833428,31.9
0.669995,0.517771,32
0.654748,0.865776,32.1
0.624982,0.339823,32.2
0.605467,0.54327,32.3
0.675031,0.633551,32.4
0.648952,0.838838,32.5
0.600418,0.127334,32.6
0.57598,0.355691,32.7
0.64783,0.547109,32.8
0.639892,0.731159,32.9
0.61419,0.128306,33
0.529456,0.2431,33.1
0.605569,0.423876,33.2
0.616782,0.667508,33.3
0.543533,-0.0335057,33.4
0.570427,-0.0986556,33.5
0.533584,0.21284,33.6
0.554444,0.745267,33.7
0.490637,0.343469,33.8
0.548514,0.325001,33.9
0.553605,0.601774,34
0.581126,0.743306,34.1
0.566616,0.253674,34.2
0.523493,0.146396,34.3
0.548702,0.363846,34.4
0.595108,0.468209,34.5
0.603129,0.47567,34.6
0.564909,0.052504,34.7
0.492098,0.276634,34.8
0.576354,0.483258,34.9
0.53009,0.584725,35
0.451374,0.100106,35.1
0.50862,0.266859,35.2
0.58899,0.288658,35.3
0.534783,0.476988,35.4
0.509379,-0.181928,35.5
0.488737,0.112335,35.6
0.497578,0.377571,35.7
0.591964,0.756231,35.8
0.459094,0.0207679,35.9
0.495517,0.234622,36
0.569822,0.370471,36.1
0.511577,0.668467,36.2
0.43033,0.173307,36.3
0.469024,0.0944724,36.4
0.494821,0.344922,36.5
0.537985,0.506199,36.6
0.482504,0.401826,36.7
0.460506,0.0192841,36.8
0.458649,0.28054,36.9
0.472434,0.441105,37
0.50681,0.514721,37.1
0.419194,-0.0449282,37.2
0.429252,0.12404,37.3
0.465499,0.219314,37.4
0.481545,0.605914,37.5
0.45113,0.0580816,37.6
0.46114,0.165946,37.7
0.48401,0.307191,37.8
0.493126,0.637494,37.9
0.447246,0.116617,38
0.460647,0.151702,38.1
0.486589,0.238982,38.2
0.475328,0.489747,38.3
0.437875,0.308678,38.4
0.448355,-0.00732438,38.5
0.336062,0.186693,38.6
0.473864,0.335475,38.7
0.417218,0.558763,38.8
0.383776,-0.0671977,38.9
0.449235,0.0888326,39
0.45541,0.325081,39.1
0.402736,0.595882,39.2
0.370081,-0.0163212,39.3
0.399403,0.0825431,39.4
0.390532,0.227033,39.5
0.484127,0.487927,39.6
0.356785,0.064525,39.7
0.42816,0.0339509,39.8
0.380339,0.197062,39.9
0.373338,0.451803,40
0.279896,0.289318,40.1
0.261698,0.00445806,40.2
0.333356,0.146426,40.3
0.287842,0.350214,40.4
0.278274,0.458281,40.5
0.277587,-0.0617744,40.6
0.314783,0.16169,40.7
0.353264,0.329496,40.8
0.315149,0.597077,40.9
0.350855,-0.0748939,41
0.265766,0.00902125,41.1
0.34994,0.204823,41.2
0.327782,0.511762,41.3
0.294259,0.0896351,41.4
0.333383,-0.0436044,41.5
0.260557,0.191397,41.6
0.317109,0.357218,41.7
0.278598,0.451539,41.8
0.344577,-0.0692554,41.9
0.3221,0.17225,42
0.35966,0.377968,42.1
0.370411,0.587784,42.2
0.326344,0.0176243,42.3
0.364061,0.0874461,42.4
0.406754,0.187674,42.5
0.32004,0.581495,42.6
0.369857,0.0222952,42.7
0.309,0.0712001,42.8
0.339873,0.266141,42.9
0.350777,0.418886,43
0.313837,0.350675,43.1
0.35629,-0.0236835,43.2
0.394526,0.218735,43.3
0.350839,0.358253,43.4
0.299383,0.524845,43.5
0.319998,-0.0665697,43.6
0.330544,0.0336165,43.7
0.369505,0.350235,43.8
0.364456,0.627494,43.9
0.34786,0.0855049,44
0.391601,0.118242,44.1
0.34019,0.29616,44.2
0.340642,0.527856,44.3
0.328827,0.262636,44.4
0.35538,-0.00329032,44.5
0.354659,0.20059,44.6
0.361429,0.322921,44.7
0.339571,0.449039,44.8
0.306371,0.0166199,44.9
0.373536,0.0618049,45
0.370489,0.31078,45.1
0.336329,0.564125,45.2
0.384674,-0.0182396,45.3
0.37103,0.0649017,45.4
0.335756,0.182711,45.5
0.391747,0.497742,45.6
0.375101,0.215416,45.7
0.374248,0.00283341,45.8
0.404716,0.117479,45.9
0.401401,0.277967,46
0.409826,0.457914,46.1
0.31727,-0.0885627,46.2
0.359242,0.110832,46.3
0.368132,0.260133,46.4
0.392967,0.491836,46.5
0.388121,0.0884146,46.6
0.399442,-0.0283601,46.7
0.452805,0.052263,46.8
0.400323,0.231627,46.9
0.459969,0.383046,47
0.449477,-0.0701358,47.1
0.470094,0.0516167,47.2
0.459045,0.164257,47.3
0.427463,0.527355,47.4
0.43063,-0.0515821,47.5
0.43378,-0.0610194,47.6
0.423509,0.120296,47.7
0.40326,0.286527,47.8
0.444763,0.286524,47.9
0.390519,-0.129788,48
0.409636,0.0310303,48.1
0.455295,0.193598,48.2
0.497469,0.429625,48.3
0.43836,-0.128868,48.4
0.438308,-0.0473064,48.5
0.526132,0.0352233,48.6
0.487842,0.255106,48.7
0.484719,0.190475,48.8
0.458672,-0.133862,48.9
0.463825,0.00359685,49
0.478113,0.0913819,49.1
0.459477,0.390643,49.2
0.431179,-0.0942548,49.3
0.424069,-0.129347,49.4
0.488188,0.0170596,49.5
0.481656,0.109334,49.6
0.497365,0.167696,49.7
0.41596,-0.218298,49.8
0.491817,-0.0753451,49.9
0.514029,0.0418002,50
0.496452,0.338145,50.1
0.437549,-0.173633,50.2
0.473137,-0.213974,50.3
0.466021,-0.0870729,50.4
0.565023,0.108156,50.5
0.463428,0.188965,50.6
0.446184,-0.337669,50.7
0.484869,-0.182249,50.8
0.503855,-0.0591718,50.9
0.548171,0.261541,51
0.456099,-0.110047,51.1
0.472507,-0.243512,51.2
0.48994,-0.122556,51.3
0.483318,-0.0052374,51.4
0.517588,0.199961,51.5
0.480853,-0.346598,51.6
0.494372,-0.26845,51.7
0.537206,-0.190225,51.8
0.522474,0.0208357,51.9
0.495596,0.204997,52
0.463652,-0.381302,52.1
0.469719,-0.349944,52.2
0.494957,-0.220648,52.3
0.491347,-0.0999585,52.4
0.51944,0.127297,52.5
0.491714,-0.383018,52.6
0.494991,-0.295571,52.7
0.546206,-0.150331,52.8
0.498316,-0.0347944,52.9
0.504842,0.154327,53
0.551706,-0.428395,53.1
0.510901,-0.30307,53.2
0.53009,-0.133967,53.3
0.521648,-0.04175,53.4
0.590569,0.176693,53.5
0.565005,-0.480935,53.6
0.552708,-0.297456,53.7
0.534978,-0.208274,53.8
0.588351,-0.0612309,53.9
0.549808,0.184164,54
0.497227,-0.241658,54.1
0.544603,-0.374868,54.2
0.527869,-0.281992,54.3
0.524029,-0.0841742,54.4
0.532143,0.00645827,54.5
0.559547,0.0131431,54.6
0.549178,-0.383636,54.7
0.526893,-0.268879,54.8
0.568305,-0.191149,54.9
0.611547,-0.028625,55
0.596752,0.190332,55.1
0.534167,-0.33792,55.2
0.54104,-0.413648,55.3
0.502748,-0.324483,55.4
0.55282,-0.173713,55.5
0.589258,-0.139404,55.6
0.6057,0.167076,55.7
0.558879,-0.386008,55.8
0.500924,-0.444641,55.9
0.557695,-0.263531,56
0.5314,-0.217516,56.1
0.547271,-0.0857208,56.2
0.609307,0.0656772,56.3
0.543651,-0.405143,56.4
0.579672,-0.494925,56.5
0.596415,-0.353104,56.6
0.583144,-0.235517,56.7
0.596041,-0.155499,56.8
0.622101,-0.0826627,56.9
0.605579,-0.118611,57
0.545923,-0.51194,57.1
0.595652,-0.458604,57.2
0.617188,-0.316623,57.3
0.582937,-0.187848,57.4
0.596623,-0.134851,57.5
0.665149,0.108266,57.6
0.608346,-0.49885,57.7
0.619598,-0.475942,57.8
0.604313,-0.333907,57.9
0.59625,-0.192229,58
0.604876,-0.157081,58.1
0.605008,-0.0464882,58.2
0.595875,0.0414572,58.3
0.565079,-0.509781,58.4
0.570744,-0.410398,58.5
0.638113,-0.275478,58.6
0.587412,-0.207864,58.7
0.664128,-0.159114,58.8
0.672347,-0.0692379,58.9
0.61069,-0.00308381,59
0.57519,-0.508616,59.1
0.578277,-0.443435,59.2
0.64108,-0.352302,59.3
0.649619,-0.172451,59.4
0.6664,-0.116595,59.5
0.655636,-0.098223,59.6
0.662285,0.0078089,59.7
0.579939,-0.493199,59.8
0.581908,-0.461256,59.9
0.616614,-0.338695,60
0.642329,-0.244041,60.1
0.637584,-0.108942,60.2
0.648118,-0.0716767,60.3
0.661902,0.059602,60.4
0.588054,-0.473854,60.5
0.575228,-0.465768,60.6
0.580859,-0.321351,60.7
0.604298,-0.155065,60.8
0.610583,-0.14071,60.9
0.680493,-0.0374175,61
0.666608,0.0639193,61.1
0.666287,-0.199788,61.2
0.580982,-0.421591,61.3
0.547704,-0.333212,61.4
0.566064,-0.225446,61.5
0.570249,-0.0718549,61.6
0.593252,-0.0857673,61.7
0.599376,-0.0333737,61.8
0.626085,0.179621,61.9
0.559506,-0.350381,62
0.531169,-0.420736,62.1
0.553308,-0.348794,62.2
0.560869,-0.227486,62.3
0.520596,-0.121159,62.4
0.538733,-0.0711116,62.5
0.577204,-0.00633821,62.6
0.524295,0.161797,62.7
0.499911,-0.373928,62.8
0.474428,-0.400857,62.9
0.474538,-0.280278,63
0.477625,-0.17499,63.1
0.491133,-0.137572,63.2
0.529454,-0.0812128,63.3
0.537541,0.0789466,63.4
0.556795,0.121651,63.5
0.483126,-0.39879,63.6
0.437154,-0.358084,63.7
0.431755,-0.299091,63.8
0.442356,-0.182357,63.9
0.450194,-0.0868965,64
0.462581,-0.0565916,64.1
0.487659,0.00701382,64.2
0.454487,0.111522,64.3
0.411298,-0.345065,64.4
0.400492,-0.323615,64.5
0.401299,-0.174029,64.6
0.373834,-0.126706,64.7
0.378335,-0.0393117,64.8
0.443961,-0.0466558,64.9
0.452703,0.168932,65
0.357908,-0.219335,65.1
0.353096,-0.285934,65.2
0.363426,-0.242073,65.3
0.344881,-0.146718,65.4
0.342202,-0.0307669,65.5
0.353601,0.0107003,65.6
0.370908,0.0960656,65.7
0.360299,0.259623,65.8
0.318852,-0.265899,65.9
0.258498,-0.184544,66
0.234437,-0.101835,66.1
0.253376,0.0172088,66.2
0.270246,0.0691943,66.3
0.266429,0.165301,66.4
0.290609,0.194211,66.5
0.300392,0.363766,66.6
0.246175,-0.0923781,66.7
0.23504,-0.0918088,66.8
0.163138,0.0308407,66.9
0.191126,0.111299,67
0.187315,0.218573,67.1
0.208613,0.285464,67.2
0.227716,0.283545,67.3
0.233076,0.452144,67.4
0.135083,0.0233983,67.5
0.111178,0.00786556,67.6
0.144209,0.0985746,67.7
0.159199,0.201813,67.8
0.139873,0.24849,67.9
0.149458,0.338982,68
0.16488,0.370852,68.1
0.164831,0.58383,68.2
0.15108,0.15741,68.3
0.0844336,0.131342,68.4
0.0896633,0.209948,68.5
0.0792512,0.336444,68.6
0.0980372,0.369485,68.7
0.138293,0.467453,68.8
0.124373,0.49379,68.9
0.144308,0.68556,69
0.112458,0.219406,69.1
0.0372811,0.202957,69.2
0.0711728,0.286635,69.3
0.0707778,0.445239,69.4
0.0858282,0.486962,69.5
0.102879,0.586986,69.6
0.11052,0.794048,69.7
0.0887957,0.399407,69.8
0.0459849,0.334688,69.9
0.043125,0.446829,70
0.0397247,0.534609,70.1
0.0750098,0.595309,70.2
0.106484,0.690387,70.3
0.0861245,0.854923,70.4
0.0706951,0.650799,70.5
0.0217991,0.433648,70.6
0.00261943,0.523526,70.7
0.0288491,0.604054,70.8
0.0620552,0.658646,70.9
0.0502472,0.764855,71
0.0813717,0.792175,71.1
0.0898692,1.00886,71.2
0.0608621,0.590883,71.3
0.032471,0.554301,71.4
-0.00277456,0.614215,71.5
0.00336631,0.7098,71.6
0.0163971,0.765545,71.7
0.021199,0.82845,71.8
0.0632358,0.888943,71.9
0.0526542,1.06998,72
-0.00246882,0.609296,72.1
-0.0241884,0.581992,72.2
-0.0647961,0.670514,72.3
-0.0010689,0.796137,72.4
0.012199,0.815998,72.5
0.0182706,0.913474,72.6
0.0151252,0.942585,72.7
0.0272646,0.921753,72.8
-0.0693099,0.587707,72.9
-0.0706264,0.667972,73
-0.101588,0.774732,73.1
-0.0526654,0.854307,73.2
-0.0232595,0.865639,73.3
-0.0531161,0.92014,73.4
-0.0230127,1.00519,73.5
-0.0705533,0.885732,73.6
-0.102813,0.623395,73.7
-0.138456,0.651772,73.8
-0.116794,0.750876,73.9
-0.1117,0.805917,74
-0.08993,0.872293,74.1
-0.0920235,0.903701,74.2
-0.111551,1.01372,74.3
-0.124105,0.74074,74.4
-0.179543,0.593522,74.5
-0.184394,0.623892,74.6
-0.154579,0.746481,74.7
-0.178519,0.738576,74.8
-0.176832,0.781221,74.9
-0.134459,0.830778,75
-0.169013,0.90343,75.1
-0.225452,0.550101,75.2
-0.241004,0.482487,75.3
-0.265707,0.569041,75.4
-0.251522,0.612288,75.5
-0.221139,0.661431,75.6
-0.229939,0.705822,75.7
-0.238064,0.832016,75.8
-0.292021,0.652838,75.9
-0.302871,0.380044,76
-0.325515,0.457203,76.1
-0.343069,0.524337,76.2
-0.301762,0.544982,76.3
-0.313701,0.639824,76.4
-0.270861,0.666806,76.5
-0.317869,0.793411,76.6
-0.36403,0.389063,76.7
-0.398609,0.345134,76.8
-0.412609,0.398604,76.9
-0.400818,0.501153,77
-0.36939,0.53768,77.1
-0.387364,0.555337,77.2
-0.364885,0.576082,77.3
-0.394212,0.666765,77.4
-0.462355,0.331407,77.5
-0.468741,0.301691,77.6
-0.477117,0.366804,77.7
-0.44828,0.441098,77.8
-0.44902,0.510462,77.9
-0.428152,0.554274,78
-0.418959,0.676405,78.1
-0.48796,0.390988,78.2
-0.512054,0.291921,78.3
-0.548276,0.272192,78.4
-0.53908,0.40029,78.5
-0.518426,0.466712,78.6
-0.499242,0.505766,78.7
-0.503819,0.491858,78.8
-0.49088,0.651846,78.9
-0.546812,0.269101,79
-0.60539,0.216225,79.1
-0.599633,0.308838,79.2
-0.587001,0.347104,79.3
-0.591437,0.402479,79.4
-0.569194,0.468498,79.5
-0.568506,0.503746,79.6
-0.593964,0.548018,79.7
-0.610874,0.171341,79.8
-0.631554,0.177709,79.9
-0.633583,0.258817,80
-0.619258,0.30665,80.1
-0.628435,0.366156,80.2
-0.618727,0.420741,80.3
-0.608703,0.472198,80.4
-0.610289,0.40784,80.5
-0.6672,0.136378,80.6
-0.689011,0.1779,80.7
-0.696298,0.242122,80.8
-0.670277,0.266924,80.9
-0.649523,0.337781,81
-0.618639,0.381818,81.1
-0.62954,0.480295,81.2
-0.668512,0.306492,81.3
-0.702171,0.112403,81.4
-0.704207,0.12415,81.5
-0.684705,0.177214,81.6
-0.680422,0.297524,81.7
-0.664699,0.349695,81.8
-0.652401,0.394716,81.9
-0.669269,0.514348,82
-0.71837,0.173871,82.1
-0.716671,0.0891634,82.2
-0.742985,0.155313,82.3
-0.737293,0.208985,82.4
-0.726817,0.287921,82.5
-0.697509,0.330226,82.6
-0.690572,0.393974,82.7
-0.699045,0.494899,82.8
-0.722065,0.112485,82.9
-0.766207,0.0898985,83
-0.779821,0.163478,83.1
-0.758175,0.247239,83.2
-0.732639,0.327437,83.3
-0.730576,0.347517,83.4
-0.703201,0.454291,83.5
-0.748461,0.250811,83.6
-0.789743,0.082106,83.7
-0.780556,0.115833,83.8
-0.791551,0.200413,83.9
-0.79945,0.256717,84
-0.755029,0.314215,84.1
-0.730928,0.362665,84.2
-0.737981,0.475833,84.3
-0.804227,0.121063,84.4
-0.836599,0.0895456,84.5
-0.809533,0.146417,84.6
-0.817591,0.19423,84.7
-0.820207,0.303018,84.8
-0.805607,0.358738,84.9
-0.797578,0.418345,85
-0.836217,0.303629,85.1
-0.875789,0.0860438,85.2
-0.871059,0.118434,85.3
-0.854493,0.16214,85.4
-0.841416,0.241792,85.5
-0.80689,0.325132,85.6
-0.803633,0.34908,85.7
-0.827008,0.495063,85.8
-0.854172,0.136938,85.9
-0.881553,0.0781604,86
-0.88922,0.118466,86.1
-0.881316,0.200045,86.2
-0.850498,0.267068,86.3
-0.865586,0.328029,86.4
-0.824506,0.44083,86.5
-0.868613,0.244781,86.6
-0.90631,0.0923119,86.7
-0.926299,0.0955271,86.8
-0.905135,0.181953,86.9
-0.885566,0.259949,87
-0.898423,0.300411,87.1
-0.856784,0.353036,87.2
-0.88287,0.433733,87.3
-0.916984,0.0855882,87.4
-0.956083,0.059236,87.5
-0.936846,0.138446,87.6
-0.9467,0.210005,87.7
-0.895488,0.290571,87.8
-0.912997,0.319501,87.9
-0.914766,0.444866,88
-0.947976,0.164948,88.1
-0.975388,0.0429198,88.2
-0.993598,0.110442,88.3
-0.980799,0.173324,88.4
-0.922761,0.225711,88.5
-0.931951,0.287153,88.6
-0.901206,0.335939,88.7
-0.957303,0.324049,88.8
-0.998832,0.0425545,88.9
-1.00176,0.0651777,89
-1.01032,0.14097,89.1
-1.0028,0.193426,89.2
-0.968669,0.243629,89.3
-0.948373,0.297745,89.4
-0.936896,0.427013,89.5
-1.0276,0.0899756,89.6
-1.01854,0.0263517,89.7
-1.03757,0.0624516,89.8
-1.01282,0.15325,89.9
-0.997106,0.217134,90
-0.992468,0.250769,90.1
-0.958884,0.310272,90.2
-0.995929,0.246601,90.3
-1.06459,0.00037661,90.4
-1.04888,0.0224364,90.5
-1.03515,0.0432646,90.6
-1.02034,0.139704,90.7
-0.991865,0.202727,90.8
-0.993488,0.272037,90.9
-1.00442,0.375573,91
-1.03592,0.0230675,91.1
-1.05497,-0.0493188,91.2
-1.0521,0.0245112,91.3
-1.03751,0.082775,91.4
-1.01734,0.174482,91.5
-0.989979,0.209006,91.6
-1.00982,0.355447,91.7
-1.05947,0.0658737,91.8
-1.08264,-0.0093803,91.9
-1.06458,0.0262369,92
-1.07524,0.0730935,92.1
-1.04564,0.171979,92.2
-1.0102,0.209178,92.3
-1.00273,0.306723,92.4
-1.07618,0.101859,92.5
-1.09668,-0.017253,92.6
-1.07918,-0.00293163,92.7
-1.0876,0.0571188,92.8
-1.06225,0.142772,92.9
-1.04949,0.191948,93
-1.04718,0.243207,93.1
-1.05693,0.254187,93.2
-1.10174,-0.0464226,93.3
-1.11953,-0.0407528,93.4
-1.07906,0.0282591,93.5
-1.08545,0.134932,93.6
-1.04456,0.156315,93.7
-1.06015,0.19672,93.8
-1.03869,0.307288,93.9
-1.11925,0.00289466,94
-1.13786,-0.104526,94.1
-1.1455,-0.0532399,94.2
-1.1149,0.0107455,94.3
-1.10646,0.0930352,94.4
-1.06715,0.11803,94.5
-1.06773,0.187776,94.6
-1.11244,0.128283,94.7
-1.13521,-0.126113,94.8
-1.15019,-0.116072,94.9
-1.13898,-0.0258311,95
-1.09919,0.0294972,95.1
-1.12349,0.0900202,95.2
-1.09586,0.14747,95.3
-1.11114,0.144515,95.4
-1.18737,-0.100126,95.5
-1.13958,-0.133417,95.6
-1.14614,-0.0282292,95.7
-1.14669,0.0550373,95.8
-1.10291,0.061153,95.9
-1.10027,0.151824,96
-1.15157,0.0272958,96.1
-1.19334,-0.122098,96.2
-1.1585,-0.090058,96.3
-1.15253,-0.0195966,96.4
-1.14479,0.039195,96.5
-1.0913,0.0942259,96.6
-1.15712,0.0983501,96.7
-1.18581,-0.138254,96.8
-1.18921,-0.131262,96.9
-1.15753,-0.0529358,97
-1.12157,0.0132256,97.1
-1.14695,0.0798787,97.2
-1.1556,0.140297,97.3
-1.19745,-0.124209,97.4
-1.20199,-0.131886,97.5
-1.19362,-0.0677203,97.6
-1.16796,-0.0117101,97.7
-1.14796,0.00127133,97.8
-1.1525,0.132502,97.9
-1.18747,-0.130469,98
-1.13831,-0.266703,98.1
-1.11483,-0.239481,98.2
-1.05705,-0.357704,98.3
-2.25346,-0.81468,98.4
-2.15372,-1.36248,98.5
-2.30615,-2.17795,98.6
-2.45214,-2.9872,98.7
-2.52165,-3.49522,98.8
-2.64759,-4.22803,98.9
-2.74829,-4.77658,99
-2.8349,-5.25248,99.1
-2.93201,-6.30166,99.2
-3.01382,-6.99866,99.3
-3.06695,-7.82394,99.4
-3.14664,-8.36971,99.5
-3.23208,-9.13986,99.6
-3.30771,-9.82953,99.7
-3.31973,-10.3071,99.8
-3.35116,-10.9862,99.9
-3.38977,-11.7468,100
-3.42456,-12.4244,100.1
-3.46447,-13.1292,100.2
-3.50679,-13.8664,100.3
-3.58703,-14.5408,100.4
-3.6169,-15.2164,100.5
-3.45623,-15.6511,100.6
-3.28218,-16.08,100.7
-3.08232,-16.4475,100.8
-2.95557,-16.6842,100.9
-2.80264,-16.9861,101
-2.72308,-17.2157,101.1
-2.6136,-17.5026,101.2
-2.5116,-17.6714,101.3
-2.42649,-17.8486,101.4
